function [tree,obs1,obs2,l1,l2,l3,l4] = experiment_tree
tree(1).position = [0;0];
tree(1).parent = [];

tree(2).position = [350;1];
tree(2).parent = 1;

tree(3).position = [240;68];
tree(3).parent = 1;

tree(4).position = [251;150];
tree(4).parent = 3;

tree(5).position = [320;160];
tree(5).parent = 3;

tree(6).position = [311;245];
tree(6).parent = 5;

tree(7).position = [240;265];
tree(7).parent = 16;

tree(16).position = [295;260];
tree(16).parent = 6;

tree(8).position = [300;301];
tree(8).parent = 6;

tree(9).position = [263;370];
tree(9).parent = 11;

tree(10).position = [265;420];
tree(10).parent = 11;

tree(11).position = [210;400];
tree(11).parent = 12;

tree(12).position = [160;395];
tree(12).parent = 14;

tree(13).position = [80;390];
tree(13).parent = 14;

tree(14).position = [60;345];
tree(14).parent = 1;

tree(15).position = [3;420];
tree(15).parent = 1;


tree(17).position = [160;340];
tree(17).parent = 14;

obs1 = [183 90;
    214.5 90;
    214.5 191.5;
    279.5 191.5;
    279.5 238;
    214.5 238;
    214.5 368;
    183 368;
    183 318;
    91 318;
    91 286.5;
    183 286.5]';

obs2 = [167.25 74.25;
    230.25 74.25;
    230.25 175.75;
    295.25 175.75;
    295.25 253.75;
    230.25 253.75;
    230.25 383.75;
    167.25 383.75;
    167.25 333.75;
    75.25 333.75;
    75.25 270.75;
    167.25 270.75]';

% l1 = [0 0;183 150;183 260]';
% l2 = [250 0;260 191.5;214 160]';
% l3 = [260 238;234.5 238;200 368]';
% l3 = [380 280;300 400;200 368]';
% l4 = [183 330;160 318;100 318]';
% l4 = [0 400;160 318;100 318]';

l1=[0 0;181.2715638	147.3882702;181.1778592	258.1893587]';
l2=[218.930967	-24.65097953;216.756795	159.6582321;262.9183257	189.9891665;387.6387403	4.430582212]';
l3=[378.5509814	280.4957621;301.7126712	411.9984042;200.1318263	368.3205969]';
l4=[-0.41681776	399.0561945;98.41817408	318.4232348;162.8309312	319.0570442]';
end
